542668
635557
391920
82361
729912
782783
896245
246125
534198
454166
411111
267009
468533
46573
867476
908597
92210
48645
549642
344089
383597
304915
867910
112731
484735
156058
536333
433736
770916
830335
476973
148876
233343
617328
214918
376895
153734
129194
410557
629539
89821
970396
456279
892323
158228
466774
494422
662824
832553
303161
401849
998359
880228
518872
353275
125085
485323
721710
59679
695235
454105
252320
53839
827257
829463
620059
222064
600781
810954
305498
211068
559915
22160
694442
827174
704555
894901
408619
59802
380516
539229
55815
762592
352800
83211
915092
469387
575130
978847
932291
779133
175745
375264
869849
144059
224352
441563
642859
685074
574393
230234
374849
384601
539249
385201
683032
240090
67042
915777
484466
817808
25057
485940
585568
745626
842925
147421
856239
486989
144477
530294
929419
66376
360649
276482
859695
770175
654269
963953
48348
733968
807389
256549
184385
64735
675450
989521
432075
211681
361086
641808
832718
708507
241590
653429
418713
193868
653731
65099
213693
113920
772669
479484
686684
636922
412626
512725
399124
59620
227461
885095
164958
256625
764597
691092
432936
668376
594420
873153
903450
363748
294558
216839
685281
660598
794137
600891
306227
470206
269723
834309
166576
747164
439592
59917
967868
375122
773190
253073
102473
303844
570564
762890
786353
799023
775042
515364
366517
217288
414958
885837
594509
51142
730745
552643
552954
294015
616203
560981
462812
43616
462745
635970
112513
279853
890429
804765
377172
311678
210938
283340
573507
773489
296037
39955
789557
741939
122235
504082
98042
229606
439365
483190
238322
448767
33505
960270
241623
596092
997821
636658
160862
368467
977730
720040
105176
604146
709785
648393
441980
871284
250006
321636
736563
574438
957303
842003
655632
346329
715987
437202
72825
935592
760781
961586
832097
440730
876633
273081
269339
214120
455934
648824
224242
797258
222562
408520
709498
728081
393344
113842
937253
454968
966194
55842
284562
693904
682137
778545
868545
547179
469055
520427
378209
870751
588901
891686
342069
981085
290774