757154124 8
11100000110100110000010011010 2
102868376 10
100101110100000111101111011010 2
1124403715 8
110001001000010011011110110111 2
5020626631 8
16E6B6B9 16
25C84578 16
2D15F8A6 16
247FBB3E 16
494580262 10
39B39522 16
1DD88EF8 16
4760600307 8
10101011101001111110001100110 2
4757372106 8
5140547363 8
5660446541 8
1B513C7A 16
110110101101111110001100110011 2
231768538 10
3567314507 8
3036577002 8
2421CEB6 16
101100011000101001111100111011 2
111011000011101101100010001110 2
395543354 10
3449C5A2 16
100010100000100011011001111111 2
6262146556 8
145886520 10
111000110101100100000001100111 2
1C6CFF3F 16
613338804 10
11100011100001101111010010101 2
7066335123 8
817188289 10
601115201 10
671B666 16
3031714340 8
6567301565 8
11C75C5F 16
1366155415 8
2A1430E6 16
4004552550 8
267D5AEA 16
697517465 10
2980A3F4 16
17AAA01F 16
661493168 10
10000000000000111101100011001 2
110001100000100100111000010100 2
B4BE142 16
2B35B6CD 16
27F46938 16
110001000101001000011010100100 2
11011011001011011000000000 2
110110100100000100011001101100 2
1011001110010000011001100001 2
503738778 10
283765173 10
326034723 10
380ACAC9 16
4622226506 8
110101101101001110000110000110 2
20FF4DD5 16
5252165257 8
4753657635 8
959702484 10
733342030 8
27857018 10
111001100000011001110000011001 2
1111110101111001101101010100 2
C9B16B3 16
917799518 10
111001000110111000010010010000 2
10110001101110011001001101111 2
824894668 10
5557357711 8
110100100111010111101011110010 2
30641439 16
11000010001111011001011101 2
110111011011100011010110010111 2
461033049 10
699665745 10
704960286 10
1111110111010000000101010100 2
4602267173 8
1000110000000101100011101010 2
1000110101000010011000 2
100001111011011100011001011110 2
10110101101100011010100011110 2
133276B8 16
240A6353 16
25310CB3 16
6247330354 8
193384463 10
77162427 10
4301014277 8
246AD647 16
1779BD39 16
101010100111100000111101001010 2
120FD2F 16
101010111010100111010001011001 2
11010001000100011100111100100 2
363471858 10
500722035 8
899462908 10
6505333031 8
11011110101001100001111001101 2
5670233414 8
11111111101111001010101000100 2
11111000001010101010111011111 2
2146332206 8
11010101100111110110011001010 2
367B9EC5 16
385D2BCA 16
101110011111010100100101101111 2
EBDF36F 16
978543966 10
1C3FE42B 16
12575E18 16
2210141032 8
4110713671 8
630621497 10
1001100011000110111100010100 2
733269844 10
4241614467 8
10000111010101011100011111101 2
36ED2B22 16
110111111111011000010001011111 2
23AADFA5 16
15379127 16
2A392522 16
100010010001010110110101111101 2
2F3279E5 16
224270723 10
6364242335 8
927052112 10
5141233404 8
1643232230 8
100111011101110101011101101000 2
996385479 10
3615052E 16
2741507451 8
10011100110000110110110000 2
375046240 10
32C1A83A 16
772422023 8
11110000101000001101110011100 2
30F0C4D2 16
144197CA 16
1AD6FA9F 16
5233344232 8
6662251764 8
323656073 10
100110001101011101010001110111 2
10110110011001001001010011101 2
267990156 10
60253136 8
1431363015 8
1010001001000000100100111 2
101011010000001011001101111011 2
2B229B82 16
100100001111101111011101000 2
594156223 10
846151571 10
C9B0658 16
10010111000011010001100110010 2
665022840 10
6126443144 8
1230516615 8
6017757271 8
8AA1A33 16
E7E281A 16
19DC20E0 16
430300027 8
656015582 10
566417525 8
424058574 10
2706D167 16
627179296 10
991430643 10
321417161 10
126563490 10
2474063613 8
4BA1DA2 16
696472951 10
690983382 10
624752464 10
29750FC9 16
101110100100100011010101011011 2
100011001111011000011000011101 2
1143651053 8
549042033 10
229246965 10
244156157 8
3644066531 8
364698066 10
11101010001001000111111101011 2
11010101111000001010111011 2
11010111101100111001100100000 2
11001111100110011101001100110 2
118259299 10
193722266 10
300220747 10
34DB6B5D 16
100011001110110110001100110000 2
701402000 8
3120471067 8
100000101010111001111101100000 2
3457461632 8
6555736461 8
447730361 8
716768784 10
4005324322 8
243417227 10
634814958 10
101010111111111011000001000100 2
403898418 10
111011001101011101101010100000 2
110001001101011100001111011101 2
22793767 10
11100000110100111000000001110 2
611899587 10
2850C54A 16
100001001001001001001011000101 2
216165435 8
392448791 10
242063548 10
101101111110011111001101001111 2
701375011 10
3042303335 8
30A661D0 16
10011000110101010000111011101 2
1215631067 8
300074DC 16
2F63CBDE 16
3355715135 8
345688515 10
852141317 10
475800677 10
560411664 10
100110110011011001100100000110 2
4361431007 8
100111010100010001101101110 2
939591342 10
219CF2CC 16
101111111101100111110011100 2
37E2946E 16
87513941 10
834211284 10
739285067 10
5421633120 8
110110101101000010011010011001 2
1110100111010101001110011111 2
1D77AF71 16
230718813 10
111001001000001110110001110000 2
558861281 10
990864556 10
395F2A61 16
222372302 8
110011111101001110110010110111 2
400040576 8
13659B1 16
5143543554 8
1646104130 8
369B3A72 16
1D465FB1 16
31AA938 16
100110011110110001100100100000 2
785895562 10
101100001010100000100101101100 2
25089444 10
11111011011110011001000101111 2
992053349 10
743584872 10
4112054666 8
101100011110101010101010100101 2
2E3BD66F 16
20F4B8B6 16
121504E0 16
2721554451 8
11000001101100001010001111010 2
623275261 8
11011010011110101101100111 2
4002352061 8
B22919D 16
715724539 10
100253226 8
3275007070 8
807060473 10
1233327570 8
410374846 10
185297135 10
194D43FA 16
110101111001000100011100110101 2
3472325305 8
699823954 10
4377721357 8
154506757 8
A422FFB 16
106544530 10
110101110100010100111011101011 2
111100000100010000010010101 2
428815553 10
32841023 10
192EF211 16
1433500341 8
864533919 10
6305336042 8
CB11A53 16
110110111000111100110111101000 2
11111101110000010110111011000 2
118757867 10
5273000676 8
506064604 8
284732813 10
938369107 10
2320552701 8
AB2ABAC 16
101100010101010011000010111011 2
388719337 10
67072A 16
338C7921 16
538288779 10
101000001001010011011011110100 2
25E0D84D 16
470397B 16
380501854 10
5502776530 8
2726371726 8
101205207 8
118485F2 16
38FFD0D6 16
18BC1C8B 16
11100100101110110100000001110 2
2A44E6EF 16
886457169 10
247677148 10
610825650 10
13143806 10
100000100001100010111110100001 2
69316858 10
11110111111111111001000100001 2
1111011001011110110011100001 2
2426135325 8
832357410 10
10100101010001000010110010110 2
E14F2FF 16
7316655166 8
692978000 10
856662384 10
161085229 10
3010516472 8
149DBCC8 16
373137380 10
1357144767 8
508180968 10
2BAFAFC1 16
1291E5C6 16
1EEEA1A3 16
912817857 10
5342010067 8
22341A08 16
82D8D25 16
5332713735 8
723914241 10
100011111110111011000001010101 2
21F3F6B3 16
658185608 10
346950904 10
491702423 10
2467061177 8
110011011011111100101100010100 2
30E4189D 16
401512650 10
101101111000001001100110111000 2
101111001100011100010100110111 2
191A948B 16
101010001010111100111010001011 2
3875CB14 16
101011110101101101110010010000 2
838641648 10
221E20D4 16
9C769AE 16
1E9CAFF9 16
1B9FE8B9 16
610036614 8
1576717604 8
268885869 10
220457277 8
1657251730 8
4063161537 8
3316545604 8
31A183DC 16
5424770066 8
222823787 10
110011101110010000000100110111 2
9AF6BF1 16
616720403 10
141A1A69 16
101101010000000101010000011101 2
3254344471 8
1001010111111000111010010111 2
31817E04 16
3744517616 8
27AC57F1 16
2257676732 8
340EF4F7 16
369737364 10
11001110100101111010011001011 2
6240214406 8
11000001010101110100111001 2
990469315 10
208114183 10
111011011001110100100110100 2
26672D09 16
101100011011011011010111001100 2
36D86C09 16
199997013 10
EFA2CFA 16
3472BF7A 16
1D010ED9 16
4674242006 8
228C7775 16
5443347601 8
1132505312 8
268011905 10
828186339 10
25C9B24D 16
F9A4222 16
D1EB0A2 16
101100010100000111101000100111 2
906558894 10
4065574056 8
10110101001110011111010010 2
2774235413 8
3954EA66 16
4624422613 8
EC3ECB9 16
11110010101010010011101110 2
137478451 10
1110000111001111100011010100 2
1010011101011110011000111010 2
127034710 10
4716144317 8
110001001001000010001110001111 2
4060317707 8
11001010011010011101000101 2
2A1A8851 16
4514606241 8
4151136725 8
110011010101110110100000101110 2
C6120C1 16
11111100110011110101001101010 2
4062423211 8
213A530E 16
28542050 10
6474331730 8
11100010110011000000010001011 2
6003503231 8
1010000000101011011011110001 2
2035136126 8
20370212 8
101975271 10
6215453246 8
110011111110100100010100001010 2
703324136 10
2155225375 8
110000111110100101001110011010 2
5141211627 8
1250865C 16
403214063 8
302D9545 16
2231331750 8
AE0E1EE 16
1341126673 8
2506743332 8
124609394 10
24B90C8A 16
11007506 16
438017256 10
101000111000001011110010000100 2
11111111111001110110010001110 2
4031772152 8
2246743132 8
607844584 10
2576214344 8
5073162027 8
387322487 10
63A41A0 16
8F4313E 16
4171653055 8
586583026 10
356287759 10
755293044 10
1011001000100111101000001111 2
10000110000101010000000010100 2
100000101110010100111000110 2
101101111010111010111100111000 2
3720425454 8
253574558 10
760512424 8
100111001110101100101011101 2
5332410742 8
1C0EB62C 16
10111001101010111100101011100 2
7224520413 8
5551057210 8
1051570104 8
5051101373 8
110110111011100000110101101001 2
100000001011011000111111010110 2
5666774075 8
157136513 10
6F233DB 16
6415101617 8
6501606377 8
8364419 16
5661066134 8
7275664561 8
10110100101010111011000100010 2
10001110100101010111011001000 2
1213354247 8
111011010110101100001111000000 2
19715628 16
11010010101010110011001010111 2
110100010010000111011011001100 2
1642641044 8
1101101110000001110010110110 2
51123657 8
BA53A0A 16
2FB151A1 16
4677777376 8
1263151446 8
5651744173 8
7137376537 8
8AFA83C 16
1020043365 8
1D4F2ADB 16
1000101010001000010001011 2
3002E0D3 16
321569460 10
20E5ED86 16
1001010101101100011011010000 2
950237800 10
110110001111011100101011000010 2
16BA66F8 16
506545217 10
7125130346 8
838802337 10
4365044541 8
4524275760 8
10100111111111111000011010110 2
617217240 10
3347545370 8
7012715551 8
22CDF852 16
283211017 10
2764756714 8
1100011011110000100001000011 2
1D60C4B8 16
625895844 10
4753055175 8
5210316054 8
6651053504 8
111010111000110010001111100101 2
251500358 10
622409731 10
29358868 10
7261427223 8
1A7EA630 16
1257734531 8
11110011011101101101001000101 2
10101110101001010001000001000 2
17E9B617 16
11011101110001111011001010000 2
11010001011011101100001110011 2
4DA7B0F 16
671440870 10
11000000001101110010000011000 2
663025665 8
1101100010110011101001010110 2
5074170635 8
AB352E1 16
233836529 10
44486336 10
100111011001111000100110101100 2
3F0A55C 16
1001100101110010001000001000 2
714883215 10
7E9457C 16
84208740 10
6604424 10
253C4537 16
3460314662 8
14828A90 16
100010101000101010001100101011 2
507167476 8
5161164033 8
731FEC9 16
165871FE 16
1C4C6BD9 16
333917848 10
1011111011101011001110011110 2
1147A4B3 16
195DEE5B 16
6342415001 8
1100110010101111001011111100 2
6E4BE8C 16
10111010111010110001101001 2
101011010101001110010011111011 2
11000010011010100101100011010 2
101110011100110110011001011110 2
2615C1D4 16
100100011101110101110010011011 2
34E177BF 16
1164120153 8
977866858 10
1100100011101110001100010100 2
25D11686 16
5173052066 8
362244925 10
100011100011101000111100011111 2
2302765253 8
312720371 10
101110011101010000110110011111 2
97515408 10
594520712 10
110010111101101010111111110010 2
697441852 10
6314310313 8
798498626 10
19C910AC 16
5264766333 8
110100001110011110111110111010 2
289045080 10
3510257201 8
271D5732 16
3711707741 8
875195184 10
1001110000000100001101110101 2
11101110001011110011001101110 2
11010110000110010010110110011 2
1111011010000110010110110001 2
10011010111110110111011111111 2
132512040 8
995969396 10
126718416 10
101100100011111000101111101 2
10000000100111001110101001010 2
898472800 10
110D3212 16
110010000100101101000101111001 2
111010011001111101010001001111 2
1374631074 8
28B11DEC 16
35839872 10
3B3C1D89 16
3104112623 8
28FA72D1 16
215CD36E 16
641315298 10
36FA3B09 16
2511D917 16
105567836 10
283FBAE3 16
3AE829ED 16
5173997 10
352493130 10
2046524115 8
3333410653 8
5766736403 8
6122316176 8
1D3DD5E8 16
11011001000000100010110110011 2
1001101010010100100111101111 2
1447253770 8
899421100 10
577753430 8
110110100000001001111010010100 2
135405314 10
150805960 10
20937728 10
C3F3DA7 16
4612234374 8
1110001011000000110101110101 2
134B437A 16
1315635171 8
2C33547A 16
1011011100011010010100 2
1101110111100010110110000111 2
4367576660 8
10010010010000100010110001000 2
529237654 10
121D13B7 16
626484030 10
1011100101000001101100110 2
1115077502 8
101100000111001110011010101010 2
11001000100000000000000100001 2
8C4C099 16
2DF113BC 16
503179557 10
1546754202 8
5515103167 8
10CE2DA9 16
1465054344 8
189626685 10
10111000110100111001011011011 2
158F826B 16
419377337 10
1BFF4A69 16
110011000011101111011011001000 2
7064354574 8
365346429 10
98009158 10
F7E78A9 16
3465762240 8
2C5921EF 16
25394606 10
303160457 10
75040679 10
101010001111000110101010100110 2
A5AF575 16
100010111101001110000000001100 2
175562694 10
3101236502 8
160852149 10
298606662 10
2C615EA7 16
15A2FC8A 16
960743715 10
11000010110001000101111011110 2
2243924B 16
5162054155 8
14A3BB80 16
112786583 10
512672076 10
1E2F1DC8 16
100011010110111000011101100001 2
3476303601 8
4425520757 8
421086544 10
101010111101001101101001111011 2
2ECE4E76 16
2560142205 8
110000110101000110110010100 2
14644FBF 16
559504305 10
1267066207 8
4342312345 8
1907BF88 16
681054 10
732673807 10
148214258 10
268775252 10
36211550 8
522447676 8
1000111011010000010000000000 2
11010111001100110001111100000 2
3AEC5923 16
110011111011101010010111100100 2
1F0F3491 16
101001001100001101010110000 2
2614065322 8
1001111001000011000001100100 2
748767149 10
381B50A4 16
897564614 10
1526607710 8
512232258 10
1520B181 16
505078800 10
4206706755 8
608092768 10
101000110110010010101111101100 2
480027837 10
10110001100100000001100110001 2
3510426267 8
110010111011000000101110011010 2
674445076 10
495828926 10
11010101010111111110011111000 2
252105753 8
10101100001101000111000110110 2
100001100010010101000001010001 2
4515052537 8
177033435 8
10010101101111010000110010110 2
101001010001101000110111010011 2
229D9419 16
1737316213 8
3727035527 8
17FFD9D8 16
11000001111110100100100010 2
111000011101111100100011110100 2