Function A: ADD 201
Function B: MULTIPLY 91
Function C: RAISE TO THE POWER OF 3

3860
2399
4063
5565
9441
9936
8464
4967
3487
4430
5531
4584
4482
9773
9968
9051
5539
1358
1242
4691
8921
3925
7922
7660
7231
8020
4006
1875
4981
9276
5879
4489
7792
5057
4332
6726
2502
8006
2447
1599
8937
5417
5789
6997
1552
1330
5550
2224
6096
2405
9190
6040
3834
5123
9211
3798
2860
2676
7788
6909
3715
8031
4113
3738
4832
7382
2599
8493
9114
1254
3948
9885
1150
1681
8399
2644
6655
4357
5503
5298
8316
7636
1057
2516
6419
2581
4798
4132
1130
4580
5125
2765
8352
7433
7226
1996
2235
6602
4592
1050
9815